1.00E+01
9.14E+01
9.19E+01
9.11E+01
9.05E+01
8.97E+01
9.13E+01
9.03E+01
9.17E+01
8.99E+01
9.06E+01
9.07E+01
9.09E+01
8.89E+01
9.20E+01
8.94E+01
9.04E+01
9.07E+01
8.94E+01
9.03E+01
8.94E+01
9.00E+01
9.16E+01
8.97E+01
9.16E+01
8.90E+01
9.10E+01
9.10E+01
9.14E+01
9.10E+01
9.02E+01
9.05E+01
9.05E+01
8.96E+01
9.15E+01
9.12E+01
9.12E+01
9.10E+01
9.16E+01
9.06E+01
9.15E+01
9.13E+01
9.12E+01
9.09E+01
9.06E+01
9.17E+01
9.11E+01
9.10E+01
9.09E+01
9.13E+01
9.12E+01
9.08E+01
9.04E+01
9.05E+01
9.00E+01
9.05E+01
9.11E+01
9.06E+01
9.01E+01
9.14E+01
8.93E+01
9.10E+01
9.13E+01
9.04E+01
8.98E+01
9.07E+01
9.00E+01
9.08E+01
9.07E+01
9.04E+01
9.13E+01
9.14E+01
9.01E+01
9.10E+01
9.14E+01
9.04E+01
9.10E+01
9.10E+01
9.04E+01
9.06E+01
9.13E+01
9.07E+01
9.03E+01
9.04E+01
9.01E+01
9.02E+01
9.08E+01
9.02E+01
9.10E+01
9.13E+01
9.01E+01
9.12E+01
9.13E+01
9.03E+01
9.09E+01
9.10E+01
9.02E+01
9.04E+01
9.11E+01
9.04E+01
