1.00E+01
9.11E+01
8.91E+01
8.90E+01
8.61E+01
8.25E+01
8.72E+01
7.99E+01
7.75E+01
8.57E+01
8.96E+01
8.97E+01
9.15E+01
8.97E+01
8.72E+01
8.84E+01
8.83E+01
9.03E+01
9.16E+01
9.06E+01
9.16E+01
8.96E+01
9.10E+01
9.21E+01
9.15E+01
9.10E+01
9.10E+01
9.10E+01
9.01E+01
9.01E+01
9.07E+01
9.16E+01
9.09E+01
8.89E+01
9.08E+01
9.10E+01
9.07E+01
9.06E+01
9.05E+01
9.01E+01
9.06E+01
9.02E+01
9.02E+01
9.06E+01
9.02E+01
9.03E+01
9.06E+01
8.95E+01
9.01E+01
9.04E+01
8.99E+01
8.99E+01
9.00E+01
8.95E+01
9.03E+01
8.91E+01
8.96E+01
9.04E+01
8.88E+01
8.85E+01
9.04E+01
8.93E+01
8.97E+01
8.99E+01
8.95E+01
8.94E+01
8.98E+01
8.98E+01
8.88E+01
8.99E+01
8.97E+01
8.97E+01
9.01E+01
8.93E+01
8.96E+01
9.00E+01
8.97E+01
8.94E+01
8.98E+01
9.02E+01
8.86E+01
8.99E+01
8.91E+01
9.02E+01
9.03E+01
8.87E+01
9.04E+01
8.99E+01
8.95E+01
8.97E+01
8.96E+01
8.99E+01
8.96E+01
9.00E+01
9.02E+01
8.87E+01
9.00E+01
9.01E+01
8.94E+01
9.02E+01
